# Tabela de cores para Hipsometria_SJC
# Classificação DISCRETA conforme Hipsometria_SJC.qml
# Formato: valor  R   G    B   Alpha
# Classes: 131-200 | 200-400 | 400-600 | 600-800 | 800-1000 | >1000

120      26  152   80  255
200      26  152   80  255
200.001 145  207   96  255
400     145  207   96  255
400.001 217  239  139  255
600     217  239  139  255
600.001 254  224  139  255
800     254  224  139  255
800.001 252  141   89  255
1000    252  141   89  255
1000.001 215  48   39  255
1335    215   48   39  255
nv        0    0    0    0
